imagesize,feildpropertie
653,208
689,223
726,233
1696,544
971,314
581,184
835,271
696,214
863,275
